start=3430.560000
volume=92.000000
fullscreen=yes
