start=36.954000
volume=90.000000
ontop=no
