start=7348.258000
pause=yes
volume=118.000000
