start=1232.680000
volume=82.000000
fullscreen=yes
