start=13.961606
speed=1.771561
