start=1094.259833
volume=98.000000
