start=1359.858000
volume=66.000000
fullscreen=yes
aid=2
sid=2
