start=682.760000
speed=0.909091
volume=170.000000
fullscreen=yes
ontop=no
video-aspect-override=1.777778
