start=12.767000
volume=72.000000
